dt,RKq,Eulerq,Verletq,Bussq,Johnsonq,Finchamq,Omelyanq,MercuryDPMq,CarlosLq,Carlosq,CarlosOq,RKw,Eulerw,Verletw,Bussw,Johnsonw,Finchamw,Omelyanw,MercuryDPMw,CarlosLw,Carlosw,CarlosOw
1.0000000000000001e-7,5.704273748860417e-9,1.1916502154403632e-6,1.2924719958236615e-7,3.489073631640994e-8,1.0850834502602251e-6,2.4281720192230835e-7,5.281563055854921e-9,6.018718706444429e-6,5.278073010878261e-9,5.2838401924016065e-9,5.281388162502656e-9,4.446454604510457e-10,2.0188235453474621e-7,1.0092861170292704e-7,2.6721173892068088e-8,2.6715728376183166e-8,2.0343853594120973e-7,3.873174517982254e-10,1.6724209808273794e-6,3.8724185269917204e-10,3.8742828634672643e-10,3.8786048269861715e-10
2.06913808111479e-7,2.439928696837127e-9,2.4568853375213693e-6,2.6397496766811616e-7,7.26030622458088e-8,2.254721451279306e-6,4.966242132249673e-7,2.226323343835124e-9,1.2454135081456137e-5,2.24109681960796e-9,2.237708511906735e-9,2.2391658104775156e-9,1.6617306417843567e-10,4.1774991628567833e-7,2.088724250662172e-7,5.5511665513844885e-8,5.550992747305111e-8,4.2090284136580076e-7,1.3898030434061942e-10,3.460272473521279e-6,1.399195908492116e-10,1.3925483494269377e-10,1.3935830104106773e-10
4.281332398719396e-7,5.41453238718598e-10,5.079321626950032e-6,5.45370929692897e-7,1.506033968123364e-7,4.668680090105126e-6,1.0255663856878353e-6,4.0258920648257114e-10,2.5769076845259573e-5,4.4640048618278785e-10,4.418900469716799e-10,4.4058682192320777e-10,5.2907775527998086e-11,8.644028072138128e-7,4.321964030666618e-7,1.1493884441648659e-7,1.1493974037513333e-7,8.70884197431037e-7,3.94219833491127e-11,7.159574498215761e-6,4.0047437417646826e-11,3.952248656303944e-11,3.935036409985187e-11
8.858667904100833e-7,5.476239455448397e-10,1.050899317588422e-5,1.128115967613284e-6,3.1169710731151575e-7,9.660789801980782e-6,2.1216322509460863e-6,3.217324785701483e-10,5.331765961407045e-5,4.984802736183827e-10,5.008173772037329e-10,4.995761386257049e-10,3.66068096988816e-11,1.7886011878510395e-6,8.942841273101208e-7,2.378358924264018e-7,2.3784215860815807e-7,1.8019384695677102e-6,2.8732156247695035e-11,1.4813504598211128e-5,2.9948385322888713e-11,3.007269127103462e-11,2.887697012198088e-11
1.8329807108324375e-6,2.4119480380798e-10,2.1741807149853408e-5,2.3335966686238366e-6,6.45074261655693e-7,1.999061073282611e-5,4.3892413072491745e-6,1.0248139565110593e-9,0.00011031292373966245,2.666269272277375e-10,2.568201998421771e-10,2.6926695181804016e-10,1.0659219978707562e-11,3.7010092598444644e-6,1.8504358963065477e-6,4.92127383370684e-7,4.921553537166765e-7,3.7282994223465218e-6,2.8302564088500434e-11,3.0648398673904255e-5,1.3588344921747505e-11,1.3389459178578423e-11,2.822873747808026e-11
3.792690190732246e-6,1.3043799419307185e-10,4.4981257381093755e-5,4.827121802778026e-6,1.3345921490618373e-6,4.1362689183554946e-5,9.082160524094665e-6,3.1405625170664278e-9,0.00022821581526027073,1.1594899058399955e-10,1.7534488533957626e-10,1.4187575253867202e-10,4.140834238596706e-12,7.658517416410309e-6,3.828962480708228e-6,1.0182007819099154e-6,1.0183210466743161e-6,7.713710592542213e-6,8.030443140331825e-11,6.34038506357173e-5,3.0965609973689873e-12,3.087599225152376e-12,7.93828747801293e-11
7.847599703514607e-6,1.2160503214616342e-11,9.304526602448175e-5,9.981327682303727e-6,2.7613634917894315e-6,8.558505482000685e-5,1.8791077546730932e-5,1.3949607975604281e-8,0.0004720433793679744,8.380179879949852e-11,4.279012166835226e-10,4.3257924845954174e-10,3.418815136264775e-12,1.5849042457357444e-5,7.923252416237707e-6,2.106538077185535e-6,2.1070529641628876e-6,1.5957766769901926e-5,3.5575023366769477e-10,0.00013114139726548994,2.6111036333120348e-12,2.4761568036116693e-12,3.5180707839092776e-10
1.623776739188721e-5,1.8051180359985975e-12,0.00019240778894990946,2.0624772155755427e-5,5.713250707645743e-6,0.00017708560844168536,3.8876790001051445e-5,5.975549213120542e-8,0.0009760017258896247,3.6449468797552023e-10,1.8242100404132324e-9,1.856822307243715e-9,7.571339573669786e-13,3.280448306421477e-5,1.6396808526703854e-5,4.357579209546803e-6,4.359783577766415e-6,3.3006006600039405e-5,1.5239175933055666e-9,0.000271137415647781,4.2867279732973707e-13,3.995917878600036e-13,1.5068454420582805e-9
3.359818286283781e-5,5.965202087677778e-12,0.0003976298640113019,4.256082222998738e-5,1.1817571888359304e-5,0.0003664130573932747,8.042522039308509e-5,2.5581908092022853e-7,0.0020165297876081935,1.5589859737795132e-9,7.812824656730217e-9,7.947960868745313e-9,2.480941772424117e-13,6.792458470029333e-5,3.393901795476974e-5,9.011555892158941e-6,9.020993502453886e-6,6.824121737710342e-5,6.524449638728014e-9,0.0005601008894804526,1.8371723117687756e-12,1.8412730500647427e-12,6.451304712995813e-9
6.951927961775606e-5,3.455909429245311e-12,0.000820652177252085,8.761305021685444e-5,2.4438118808623406e-5,0.0007581456478627001,0.00016633823917146297,1.0951424521369565e-6,0.004159723380191021,6.67542673402767e-9,3.344720238206263e-8,3.4029303283369625e-8,9.516730586572638e-14,0.0001407467491031285,7.027361145892594e-5,1.8625273420605698e-5,1.8665677966399317e-5,0.00014097248238826812,2.7934462904309668e-8,0.001155046166139326,1.6181633660524122e-11,1.6188193065140485e-11,2.762136303994606e-8
0.0001438449888287663,5.858512648610976e-12,0.0016889467030325458,0.0001797090904794538,5.054444115176421e-5,0.0015685499628177396,0.0003438180879339096,4.6868970505314895e-6,0.008550601705337883,2.864670154686499e-8,1.431016419213916e-7,1.457403325547776e-7,2.521267412577516e-13,0.0002920526632566964,0.00014559830283413652,3.844889174803452e-5,3.86218368698797e-5,0.00029068394799116156,1.1959314755699146e-7,0.0023739522132396884,1.4327803740709755e-10,1.4332240413746762e-10,1.1825321858021733e-7
0.00029763514416313193,5.852843348208355e-11,0.0034561364006520457,0.0003684318556913274,0.00010437127153126512,0.003245182053135218,0.0007100903005369209,2.0057773088932235e-5,0.017461346680268122,1.232533878148146e-7,6.117762843353108e-7,6.245056542174844e-7,1.4318766160283244e-12,0.0006079718120919683,0.00030214444899138743,7.917356446245147e-5,7.991387225293188e-5,0.0005972949860370926,5.121181111518852e-7,0.004845767440688063,1.2682925708886282e-9,1.2690531502457604e-9,5.063866190469232e-7
0.0006158482110660261,1.0528984608805351e-9,0.006986710958656461,0.0007773831557887447,0.00021507026124618746,0.006713145619879325,0.0014640683911391812,8.579676476760344e-5,0.03517249098522287,5.330613025183005e-7,2.6113400288808133e-6,2.6784616756447228e-6,2.5651797068208832e-11,0.0012738441839439353,0.0006289592449709373,0.00016218455719340457,0.00016535324339528868,0.0012183088377496635,2.193392613627899e-6,0.009769837113113394,1.1217570907994132e-8,1.1231493116268002e-8,2.1689010471853513e-6
0.0012742749857031334,1.9255010599456495e-8,0.013756888313855868,0.001902879275262818,0.0004412410089438117,0.013884070359110844,0.0030109731528311337,0.0003666233062415447,0.06897575277058152,2.329499634422939e-6,1.1110388210870694e-5,1.1508591149354095e-5,4.694152863899146e-10,0.002705017225894766,0.0013177153060123091,0.00032858669351973926,0.00034215236736188974,0.00244809713993935,9.39797275022521e-6,0.019346718629099844,9.90445181663165e-8,9.929919484376815e-8,9.293554084256982e-6
0.0026366508987303583,3.5326010009131997e-7,0.025537288972454535,0.006315292087392519,0.0008829702826152612,0.028747365411296688,0.006203171798874982,0.0015711339120016877,0.13013854521554827,1.0445682051011392e-5,4.6867866674553755e-5,4.9768996060730575e-5,8.615183324252843e-9,0.005922770952657976,0.0028051200228116713,0.000649835752504169,0.0007082537548414124,0.004784827375014098,4.0443118124097735e-5,0.03823354802487241,8.75855052092821e-7,8.805216428877076e-7,4.0000852891832005e-5
0.00545559478116852,6.421193742520555e-6,0.0408319488287415,0.025593998305571228,0.0017343927608144342,0.05964551002354593,0.012925160742587928,0.006697246154855303,0.24460004492080267,4.855210559108523e-5,0.00019487495452110118,0.00021648420268769272,1.5716952139800967e-7,0.013735852520584589,0.006137658222627497,0.001216681398777161,0.001470850399545743,0.008825883440757775,0.0001742252427345817,0.09147058972434492,7.683941882623328e-6,7.769018667785579e-6,0.00017237950446714353
0.011288378916846888,0.00011280254829860663,0.04737579602424745,0.10597894048788248,0.0033381222619930173,0.1264713285296964,0.028388604623257395,0.027997916268334117,0.6268071149523741,0.00023671903985855277,0.0007869352786833065,0.000943622696093889,2.8079219132043065e-6,0.03546396157291934,0.014131519735302616,0.0019897700734053773,0.0031341600904680167,0.014675447949203408,0.0007467355482284496,0.43402971243467864,6.579526586316384e-5,6.73192862296905e-5,0.0007393734353996508
0.023357214690901226,0.001817791432757851,0.1846787341252428,0.40284628175578735,0.0058832548335002125,0.3043716626262744,0.06749427065652422,0.11198819479276191,1.0938713753195726,0.0012053486191916235,0.0029542399778112044,0.004012153137778102,4.8200481675331354e-5,0.10747756945860697,0.0356971645574193,0.002233346953418688,0.00763317866478625,0.020973700310339093,0.003116721363606302,0.779725346968431,0.0005342650416658021,0.0005603094565208014,0.0030920430762304816
0.04832930238571752,0.023873920789799403,0.8180871811310653,1.211407700231949,0.006701682803857628,0.5340259500616659,0.12113174211155384,0.41746846355394013,0.908799726011217,0.0060816476543654,0.00888722944432974,0.014663100306746467,0.0008035689334735801,0.35033328221888177,0.10627832960370663,0.006184488150451618,0.013645242047888063,0.02539891591274073,0.011573391194607808,0.5215670277939406,0.003985570329483614,0.00438058843832642,0.011542870605876877
0.1,0.03326406001159833,1.8462476150780727,1.9302418772501104,0.013041215520247711,0.18647324052064107,0.4588861107596751,1.417708840623451,1.0209016081207054,0.029552802485264356,0.028299191314869902,0.03283054879206393,0.013110787186718539,0.935584053904139,0.4611847841143025,0.025320777240577096,0.024596584969847506,0.02608154635136472,0.03137524004319993,1.298268331519787,0.03271794527828771,0.040416988166440786,0.031407573834808356
